0.258964143	0.247232472	0.272727273	0.25390625
0.262948207	0.243542435	0.272727273	0.25390625
0.262948207	0.243542435	0.268595041	0.24609375
0.25498008	0.236162362	0.26446281	0.23828125
0.247011952	0.258302583	0.256198347	0.26171875
0.270916335	0.254612546	0.276859504	0.26953125
0.278884462	0.265682657	0.280991736	0.2734375
0.282868526	0.273062731	0.297520661	0.28125
0.28685259	0.280442804	0.301652893	0.28125
0.290836653	0.287822878	0.305785124	0.30078125
0.306772908	0.284132841	0.305785124	0.28125
0.290836653	0.332103321	0.305785124	0.33984375
0.35059761	0.328413284	0.351239669	0.3359375
0.338645418	0.332103321	0.355371901	0.34765625
0.354581673	0.335793358	0.367768595	0.33984375
0.35059761	0.32103321	0.355371901	0.328125
0.342629482	0.317343173	0.330578512	0.3046875
0.314741036	0.306273063	0.334710744	0.30859375
0.3187251	0.339483395	0.330578512	0.35546875
0.366533865	0.335793358	0.351239669	0.33203125
0.342629482	0.317343173	0.347107438	0.3203125
0.334661355	0.328413284	0.351239669	0.33984375
0.35059761	0.350553506	0.367768595	0.359375
0.386454183	0.372693727	0.404958678	0.38671875
0.394422311	0.376383764	0.41322314	0.390625
0.402390438	0.372693727	0.376033058	0.35546875
0.362549801	0.354243542	0.384297521	0.359375
0.370517928	0.36900369	0.388429752	0.390625
0.402390438	0.372693727	0.404958678	0.37890625
0.386454183	0.398523985	0.400826446	0.4140625
0.422310757	0.394833948	0.433884298	0.40234375
0.414342629	0.391143911	0.404958678	0.40625
0.410358566	0.380073801	0.409090909	0.375
0.402390438	0.380073801	0.41322314	0.38671875
0.398406375	0.365313653	0.400826446	0.37890625
0.390438247	0.398523985	0.400826446	0.3984375
0.406374502	0.372693727	0.404958678	0.375
0.390438247	0.402214022	0.41322314	0.3984375
0.410358566	0.391143911	0.421487603	0.390625
0.410358566	0.398523985	0.41322314	0.4140625
0.422310757	0.394833948	0.429752066	0.4140625
0.426294821	0.435424354	0.433884298	0.453125
0.470119522	0.453874539	0.475206612	0.45703125
0.466135458	0.457564576	0.475206612	0.4765625
0.490039841	0.479704797	0.508264463	0.484375
0.486055777	0.450184502	0.491735537	0.4609375
0.474103586	0.446494465	0.475206612	0.46484375
0.474103586	0.435424354	0.44214876	0.4296875
0.442231076	0.424354244	0.454545455	0.4375
0.458167331	0.42804428	0.458677686	0.421875
0.442231076	0.409594096	0.433884298	0.40234375
0.422310757	0.387453875	0.421487603	0.39453125
0.394422311	0.36900369	0.376033058	0.37109375
0.374501992	0.354243542	0.384297521	0.35546875
0.370517928	0.350553506	0.384297521	0.35546875
0.362549801	0.350553506	0.355371901	0.33984375
0.35059761	0.350553506	0.371900826	0.37109375
0.378486056	0.380073801	0.388429752	0.3828125
0.402390438	0.36900369	0.388429752	0.3671875
0.366533865	0.350553506	0.342975207	0.33203125
0.346613546	0.365313653	0.359504132	0.37109375
0.386454183	0.357933579	0.392561983	0.3671875
0.374501992	0.350553506	0.367768595	0.3515625
0.362549801	0.339483395	0.376033058	0.34765625
0.358565737	0.332103321	0.363636364	0.34765625
0.354581673	0.350553506	0.371900826	0.3515625
0.362549801	0.335793358	0.371900826	0.3515625
0.354581673	0.343173432	0.367768595	0.36328125
0.370517928	0.365313653	0.384297521	0.37109375
0.374501992	0.354243542	0.355371901	0.328125
0.342629482	0.328413284	0.355371901	0.33203125
0.346613546	0.354243542	0.363636364	0.3671875
0.374501992	0.361623616	0.392561983	0.3671875
0.378486056	0.354243542	0.396694215	0.37109375
0.386454183	0.361623616	0.400826446	0.375
0.38247012	0.354243542	0.376033058	0.3515625
0.366533865	0.350553506	0.376033058	0.34765625
0.358565737	0.328413284	0.330578512	0.3046875
0.322709163	0.306273063	0.338842975	0.3203125
0.330677291	0.313653137	0.347107438	0.32421875
0.338645418	0.3099631	0.351239669	0.32421875
0.342629482	0.335793358	0.359504132	0.3359375
0.330677291	0.317343173	0.342975207	0.328125
0.346613546	0.32103321	0.355371901	0.328125
0.342629482	0.317343173	0.359504132	0.328125
0.346613546	0.32103321	0.359504132	0.33203125
0.342629482	0.317343173	0.355371901	0.328125
0.334661355	0.313653137	0.342975207	0.31640625
0.326693227	0.306273063	0.338842975	0.31640625
0.326693227	0.302583026	0.338842975	0.31640625
0.322709163	0.3099631	0.338842975	0.32421875
0.338645418	0.328413284	0.351239669	0.34375
0.35059761	0.332103321	0.367768595	0.33984375
0.354581673	0.324723247	0.355371901	0.328125
0.338645418	0.324723247	0.355371901	0.33984375
0.346613546	0.32103321	0.355371901	0.33203125
0.346613546	0.32103321	0.351239669	0.3203125
0.330677291	0.313653137	0.342975207	0.328125
0.338645418	0.332103321	0.355371901	0.33203125
0.346613546	0.328413284	0.363636364	0.33984375
0.346613546	0.324723247	0.363636364	0.3359375
0.35059761	0.328413284	0.367768595	0.33984375
0.354581673	0.328413284	0.367768595	0.3359375
0.346613546	0.328413284	0.367768595	0.34375
0.358565737	0.328413284	0.367768595	0.33984375
0.35059761	0.328413284	0.355371901	0.33203125
0.342629482	0.317343173	0.355371901	0.32421875
0.334661355	0.324723247	0.351239669	0.3359375
0.346613546	0.350553506	0.367768595	0.36328125
0.378486056	0.365313653	0.396694215	0.375
0.38247012	0.361623616	0.396694215	0.37890625
0.386454183	0.357933579	0.396694215	0.36328125
0.374501992	0.361623616	0.392561983	0.36328125
0.38247012	0.357933579	0.392561983	0.36328125
0.370517928	0.350553506	0.384297521	0.3515625
0.366533865	0.357933579	0.384297521	0.375
0.386454183	0.365313653	0.404958678	0.3828125
0.386454183	0.365313653	0.404958678	0.37890625
0.390438247	0.36900369	0.404958678	0.37109375
0.390438247	0.36900369	0.404958678	0.3828125
0.394422311	0.36900369	0.409090909	0.38671875
0.394422311	0.372693727	0.409090909	0.3828125
0.398406375	0.372693727	0.388429752	0.359375
0.370517928	0.354243542	0.392561983	0.3671875
0.370517928	0.339483395	0.359504132	0.35546875
0.362549801	0.346863469	0.371900826	0.36328125
0.374501992	0.350553506	0.380165289	0.34765625
0.370517928	0.346863469	0.380165289	0.36328125
0.374501992	0.343173432	0.380165289	0.359375
0.366533865	0.339483395	0.347107438	0.32421875
0.330677291	0.306273063	0.330578512	0.30859375
0.322709163	0.295202952	0.276859504	0.26171875
0.262948207	0.273062731	0.252066116	0.28515625
0.227091633	0.206642066	0.082644628	0.19921875
0.203187251	0.221402214	0.214876033	0.2265625
0.239043825	0.298892989	0.247933884	0.30859375
0.294820717	0.298892989	0.305785124	0.3125
0.298804781	0.295202952	0.309917355	0.30859375
0.298804781	0.280442804	0.297520661	0.27734375
0.274900398	0.265682657	0.289256198	0.265625
0.274900398	0.269372694	0.289256198	0.28125
0.282868526	0.269372694	0.289256198	0.28125
0.282868526	0.269372694	0.289256198	0.28125
0.282868526	0.269372694	0.289256198	0.2734375
0.282868526	0.291512915	0.297520661	0.29296875
0.298804781	0.276752768	0.29338843	0.28515625
0.294820717	0.273062731	0.301652893	0.27734375
0.282868526	0.269372694	0.297520661	0.28125
0.28685259	0.273062731	0.297520661	0.28125
0.28685259	0.265682657	0.297520661	0.2734375
0.282868526	0.265682657	0.289256198	0.28125
0.278884462	0.26199262	0.285123967	0.2734375
0.274900398	0.265682657	0.289256198	0.2734375
0.282868526	0.26199262	0.289256198	0.26953125
0.282868526	0.26199262	0.29338843	0.265625
0.270916335	0.258302583	0.289256198	0.265625
0.270916335	0.250922509	0.280991736	0.2578125
0.270916335	0.258302583	0.280991736	0.265625
0.278884462	0.254612546	0.285123967	0.2578125
0.270916335	0.258302583	0.285123967	0.265625
0.282868526	0.26199262	0.29338843	0.265625
0.278884462	0.258302583	0.289256198	0.26953125
0.274900398	0.258302583	0.289256198	0.26171875
0.270916335	0.254612546	0.285123967	0.2578125
0.266932271	0.254612546	0.285123967	0.26171875
0.274900398	0.254612546	0.285123967	0.265625
0.274900398	0.269372694	0.289256198	0.28125
0.290836653	0.269372694	0.297520661	0.28125
0.290836653	0.273062731	0.301652893	0.27734375
0.290836653	0.273062731	0.305785124	0.28125
0.290836653	0.413284133	0.301652893	0.28125
0.274900398	0.265682657	0.289256198	0.2734375
0.282868526	0.265682657	0.29338843	0.26953125
0.282868526	0.26199262	0.289256198	0.26953125
0.282868526	0.26199262	0.268595041	0.265625
0.278884462	0.258302583	0.272727273	0.2578125
0.266932271	0.26199262	0.276859504	0.2734375
0.278884462	0.258302583	0.289256198	0.26171875
0.270916335	0.247232472	0.276859504	0.25390625
0.270916335	0.247232472	0.272727273	0.25
0.258964143	0.247232472	0.272727273	0.26171875
0.270916335	0.247232472	0.280991736	0.2578125
0.270916335	0.26199262	0.280991736	0.27734375
0.282868526	0.26199262	0.285123967	0.2734375
0.278884462	0.258302583	0.289256198	0.265625
0.274900398	0.258302583	0.289256198	0.265625
0.274900398	0.324723247	0.29338843	0.33203125
0.330677291	0.306273063	0.318181818	0.29296875
0.310756972	0.287822878	0.32231405	0.296875
0.306772908	0.313653137	0.318181818	0.3203125
0.322709163	0.295202952	0.32231405	0.296875
0.306772908	0.287822878	0.318181818	0.29296875
0.298804781	0.276752768	0.301652893	0.2734375
0.28685259	0.26199262	0.289256198	0.265625
0.278884462	0.258302583	0.289256198	0.265625
0.270916335	0.250922509	0.276859504	0.2578125
0.266932271	0.250922509	0.280991736	0.25390625
0.262948207	0.243542435	0.260330579	0.2421875
0.250996016	0.239852399	0.26446281	0.24609375
0.258964143	0.236162362	0.26446281	0.24609375
0.250996016	0.236162362	0.26446281	0.25
0.250996016	0.236162362	0.26446281	0.24609375
0.25498008	0.239852399	0.26446281	0.24609375
0.258964143	0.247232472	0.276859504	0.2578125
0.270916335	0.250922509	0.272727273	0.25390625
0.258964143	0.239852399	0.260330579	0.23828125
0.247011952	0.236162362	0.26446281	0.24609375
0.25498008	0.239852399	0.268595041	0.24609375
0.25498008	0.243542435	0.26446281	0.23828125
0.250996016	0.236162362	0.260330579	0.24609375
0.25498008	0.236162362	0.26446281	0.23828125
0.25498008	0.236162362	0.26446281	0.23828125
0.250996016	0.228782288	0.247933884	0.2265625
0.235059761	0.225092251	0.23553719	0.21484375
0.227091633	0.210332103	0.227272727	0.20703125
0.215139442	0.217712177	0.231404959	0.22265625
0.231075697	0.217712177	0.23553719	0.2265625
0.235059761	0.225092251	0.23553719	0.23046875
0.243027888	0.228782288	0.252066116	0.23828125
0.250996016	0.232472325	0.260330579	0.23828125
0.243027888	0.225092251	0.247933884	0.234375
0.239043825	0.221402214	0.247933884	0.22265625
0.231075697	0.225092251	0.243801653	0.234375
0.239043825	0.225092251	0.256198347	0.23046875
0.235059761	0.225092251	0.247933884	0.234375
0.243027888	0.228782288	0.256198347	0.234375
0.243027888	0.225092251	0.239669421	0.22265625
0.227091633	0.210332103	0.23553719	0.21875
0.227091633	0.217712177	0.23553719	0.21875
0.227091633	0.225092251	0.239669421	0.234375
0.243027888	0.221402214	0.252066116	0.23046875
0.239043825	0.221402214	0.247933884	0.234375
0.235059761	0.247232472	0.239669421	0.2578125
0.250996016	0.236162362	0.260330579	0.24609375
0.247011952	0.228782288	0.252066116	0.2265625
0.235059761	0.217712177	0.239669421	0.21875
0.227091633	0.21402214	0.239669421	0.21875
0.231075697	0.217712177	0.243801653	0.22265625
0.231075697	0.21402214	0.243801653	0.22265625
0.231075697	0.243542435	0.243801653	0.25
0.243027888	0.225092251	0.252066116	0.23046875
0.239043825	0.225092251	0.247933884	0.234375
0.243027888	0.221402214	0.247933884	0.2265625
0.235059761	0.217712177	0.247933884	0.2265625
0.235059761	0.217712177	0.243801653	0.22265625
0.231075697	0.21402214	0.243801653	0.22265625
0.227091633	0.210332103	0.23553719	0.21484375
0.22310757	0.20295203	0.227272727	0.20703125
0.211155378	0.195571956	0.202479339	0.19140625
0.199203187	0.184501845	0.198347107	0.1796875
0.19123506	0.177121771	0.194214876	0.17578125
0.183266932	0.166051661	0.190082645	0.171875
0.179282869	0.166051661	0.173553719	0.15625
0.163346614	0.147601476	0.148760331	0.1328125
0.143426295	0.136531365	0.148760331	0.13671875
0.147410359	0.136531365	0.152892562	0.13671875
0.147410359	0.136531365	0.157024793	0.140625
0.147410359	0.132841328	0.136363636	0.125
0.131474104	0.136531365	0.136363636	0.13671875
0.147410359	0.132841328	0.144628099	0.125
0.135458167	0.132841328	0.144628099	0.13671875
0.143426295	0.132841328	0.148760331	0.13671875
0.139442231	0.129151292	0.144628099	0.12890625
0.135458167	0.121771218	0.128099174	0.125
0.123505976	0.118081181	0.128099174	0.125
0.12749004	0.129151292	0.136363636	0.1328125
0.135458167	0.129151292	0.128099174	0.1171875
0.123505976	0.118081181	0.123966942	0.1171875
0.12749004	0.118081181	0.132231405	0.12109375
0.123505976	0.110701107	0.123966942	0.11328125
0.115537849	0.10701107	0.099173554	0.08984375
0.091633466	0.084870849	0.090909091	0.078125
0.075697211	0.070110701	0.082644628	0.0703125
0.075697211	0.070110701	0.074380165	0.06640625
0.067729084	0.070110701	0.074380165	0.06640625
0.071713147	0.073800738	0.078512397	0.078125
0.075697211	0.070110701	0.078512397	0.06640625
0.071713147	0.066420664	0.078512397	0.06640625
0.067729084	0.062730627	0.053719008	0.05078125
0.055776892	0.062730627	0.061983471	0.0625
0.06374502	0.077490775	0.074380165	0.08203125
0.083665339	0.077490775	0.082644628	0.0703125
0.067729084	0.062730627	0.070247934	0.06640625
0.075697211	0.073800738	0.082644628	0.07421875
0.075697211	0.088560886	0.078512397	0.0859375
0.087649402	0.081180812	0.095041322	0.08203125
0.083665339	0.092250923	0.090909091	0.08203125
0.091633466	0.081180812	0.090909091	0.078125
0.087649402	0.084870849	0.095041322	0.08203125
0.087649402	0.081180812	0.090909091	0.078125
0.083665339	0.10701107	0.090909091	0.09765625
0.099601594	0.099630996	0.095041322	0.08203125
0.087649402	0.081180812	0.090909091	0.08203125
0.079681275	0.070110701	0.066115702	0.0546875
0.059760956	0.05904059	0.066115702	0.0546875
0.055776892	0.055350554	0.049586777	0.04296875
0.047808765	0.04797048	0.049586777	0.05078125
0.051792829	0.044280443	0.049586777	0.04296875
0.043824701	0.044280443	0.045454545	0.0390625
0.043824701	0.040590406	0.045454545	0.04296875
0.047808765	0.040590406	0.045454545	0.03515625
0.039840637	0.040590406	0.041322314	0.0390625
0.043824701	0.040590406	0.045454545	0.0390625
0.039840637	0.033210332	0.020661157	0.01171875
0.015936255	0.011070111	0	0
0	0	0	0
0.007968127	0.033210332	0.012396694	0.015625
0.011952191	0.011070111	0.008264463	0.00390625
0.007968127	0.011070111	0.008264463	0.0078125
0.015936255	0.014760148	0.016528926	0.01171875
0.011952191	0.018450185	0.016528926	0.01953125
0.019920319	0.033210332	0.024793388	0.01953125
0.019920319	0.051660517	0.02892562	0.04296875
0.051792829	0.05904059	0.05785124	0.05859375
0.06374502	0.055350554	0.061983471	0.05078125
0.055776892	0.062730627	0.066115702	0.06640625
0.067729084	0.070110701	0.066115702	0.05859375
0.067729084	0.095940959	0.074380165	0.08984375
0.099601594	0.095940959	0.095041322	0.0859375
0.091633466	0.088560886	0.099173554	0.0859375
0.091633466	0.084870849	0.090909091	0.08203125
0.091633466	0.081180812	0.08677686	0.07421875
0.075697211	0.077490775	0.082644628	0.078125
0.083665339	0.099630996	0.090909091	0.10546875
0.107569721	0.103321033	0.111570248	0.09765625
0.103585657	0.121771218	0.111570248	0.125
0.131474104	0.118081181	0.128099174	0.11328125
0.123505976	0.114391144	0.119834711	0.10546875
0.107569721	0.099630996	0.099173554	0.08984375
0.09561753	0.103321033	0.099173554	0.10546875
0.111553785	0.099630996	0.107438017	0.09765625
0.09561753	0.088560886	0.099173554	0.09375
0.09561753	0.095940959	0.099173554	0.08203125
0.083665339	0.088560886	0.095041322	0.0859375
0.087649402	0.081180812	0.090909091	0.08203125
0.083665339	0.088560886	0.08677686	0.07421875
0.087649402	0.084870849	0.090909091	0.0859375
0.09561753	0.088560886	0.103305785	0.08984375
0.091633466	0.084870849	0.099173554	0.0859375
0.091633466	0.081180812	0.08677686	0.08203125
0.079681275	0.073800738	0.078512397	0.07421875
0.079681275	0.073800738	0.078512397	0.06640625
0.071713147	0.070110701	0.082644628	0.07421875
0.071713147	0.081180812	0.082644628	0.078125
0.087649402	0.088560886	0.095041322	0.0859375
0.091633466	0.099630996	0.099173554	0.09765625
0.107569721	0.095940959	0.103305785	0.08984375
0.09561753	0.092250923	0.099173554	0.0859375
0.091633466	0.092250923	0.099173554	0.09375
0.099601594	0.095940959	0.107438017	0.09765625
0.099601594	0.092250923	0.099173554	0.08984375
0.099601594	0.092250923	0.103305785	0.09375
0.09561753	0.095940959	0.103305785	0.1015625
0.103585657	0.10701107	0.115702479	0.10546875
0.111553785	0.10701107	0.119834711	0.11328125
0.123505976	0.110701107	0.123966942	0.109375
0.115537849	0.118081181	0.128099174	0.1171875
0.123505976	0.129151292	0.136363636	0.1328125
0.143426295	0.132841328	0.148760331	0.1328125
0.139442231	0.129151292	0.144628099	0.12890625
0.135458167	0.136531365	0.148760331	0.13671875
0.147410359	0.136531365	0.148760331	0.1328125
0.139442231	0.147601476	0.148760331	0.15625
0.163346614	0.15498155	0.169421488	0.1484375
0.155378486	0.166051661	0.169421488	0.16796875
0.175298805	0.188191882	0.190082645	0.1953125
0.199203187	0.191881919	0.198347107	0.19140625
0.19123506	0.184501845	0.202479339	0.1875
0.19123506	0.188191882	0.20661157	0.19921875
0.207171315	0.20295203	0.214876033	0.21484375
0.215139442	0.20295203	0.20661157	0.1953125
0.203187251	0.188191882	0.202479339	0.19921875
0.203187251	0.188191882	0.202479339	0.1875
0.091633466	0.084870849	0.070247934	0.0859375
0.087649402	0.077490775	0.08677686	0.0703125
0.075697211	0.070110701	0.078512397	0.07421875
0.075697211	0.066420664	0.070247934	0.05859375
0.06374502	0.062730627	0.070247934	0.0625
0.067729084	0.062730627	0.070247934	0.0625
0.067729084	0.066420664	0.074380165	0.0625
0.071713147	0.066420664	0.074380165	0.0625
0.067729084	0.070110701	0.074380165	0.0703125
0.071713147	0.073800738	0.082644628	0.07421875
0.079681275	0.073800738	0.08677686	0.07421875
0.079681275	0.081180812	0.08677686	0.0859375
0.091633466	0.092250923	0.099173554	0.09375
0.099601594	0.088560886	0.090909091	0.07421875
0.079681275	0.084870849	0.08677686	0.0859375
0.087649402	0.088560886	0.099173554	0.08203125
0.091633466	0.084870849	0.095041322	0.0859375
0.09561753	0.088560886	0.099173554	0.09375
0.09561753	0.088560886	0.103305785	0.08984375
0.091633466	0.081180812	0.095041322	0.0859375
0.083665339	0.084870849	0.095041322	0.0859375
0.091633466	0.081180812	0.08677686	0.07421875
0.075697211	0.081180812	0.08677686	0.078125
0.083665339	0.081180812	0.090909091	0.08203125
0.087649402	0.095940959	0.095041322	0.09765625
0.107569721	0.10701107	0.115702479	0.11328125
0.123505976	0.143911439	0.136363636	0.14453125
0.151394422	0.140221402	0.152892562	0.140625
0.147410359	0.136531365	0.144628099	0.1328125
0.139442231	0.136531365	0.144628099	0.14453125
0.147410359	0.143911439	0.157024793	0.140625
0.147410359	0.143911439	0.157024793	0.1484375
0.155378486	0.143911439	0.152892562	0.140625
0.143426295	0.132841328	0.144628099	0.13671875
0.139442231	0.129151292	0.128099174	0.11328125
0.119521912	0.110701107	0.111570248	0.109375
0.115537849	0.132841328	0.123966942	0.12890625
0.139442231	0.125461255	0.132231405	0.1171875
0.123505976	0.114391144	0.123966942	0.109375
0.119521912	0.114391144	0.123966942	0.109375
0.115537849	0.110701107	0.123966942	0.11328125
0.119521912	0.114391144	0.123966942	0.109375
0.119521912	0.10701107	0.123966942	0.11328125
0.115537849	0.110701107	0.123966942	0.11328125
0.115537849	0.10701107	0.115702479	0.10546875
0.111553785	0.103321033	0.119834711	0.109375
0.115537849	0.103321033	0.115702479	0.10546875
0.107569721	0.103321033	0.115702479	0.1015625
0.107569721	0.095940959	0.111570248	0.1015625
0.103585657	0.095940959	0.095041322	0.08203125
0.091633466	0.092250923	0.095041322	0.08984375
0.099601594	0.099630996	0.103305785	0.09765625
0.103585657	0.110701107	0.111570248	0.11328125
0.119521912	0.121771218	0.128099174	0.125
0.135458167	0.132841328	0.140495868	0.140625
0.147410359	0.140221402	0.157024793	0.1484375
0.155378486	0.140221402	0.157024793	0.140625
0.143426295	0.129151292	0.144628099	0.12890625
0.135458167	0.136531365	0.140495868	0.125
0.131474104	0.125461255	0.140495868	0.1328125
0.131474104	0.125461255	0.136363636	0.1328125
0.135458167	0.129151292	0.140495868	0.125
0.135458167	0.125461255	0.140495868	0.12890625
0.135458167	0.125461255	0.136363636	0.12890625
0.135458167	0.121771218	0.136363636	0.12890625
0.12749004	0.118081181	0.115702479	0.1015625
0.107569721	0.099630996	0.115702479	0.10546875
0.103585657	0.118081181	0.115702479	0.12109375
0.135458167	0.121771218	0.136363636	0.125
0.12749004	0.121771218	0.132231405	0.125
0.12749004	0.118081181	0.128099174	0.11328125
0.119521912	0.110701107	0.128099174	0.1171875
0.123505976	0.114391144	0.119834711	0.1171875
0.119521912	0.110701107	0.128099174	0.11328125
0.115537849	0.10701107	0.123966942	0.109375
0.111553785	0.103321033	0.115702479	0.09765625
0.103585657	0.099630996	0.115702479	0.09765625
0.103585657	0.103321033	0.111570248	0.10546875
0.107569721	0.110701107	0.115702479	0.11328125
0.119521912	0.10701107	0.123966942	0.11328125
0.119521912	0.110701107	0.123966942	0.11328125
0.119521912	0.10701107	0.119834711	0.109375
0.111553785	0.110701107	0.119834711	0.10546875
0.111553785	0.110701107	0.119834711	0.11328125
0.115537849	0.110701107	0.123966942	0.11328125
0.115537849	0.10701107	0.115702479	0.1015625
0.107569721	0.110701107	0.119834711	0.11328125
0.119521912	0.121771218	0.128099174	0.12109375
0.131474104	0.136531365	0.140495868	0.140625
0.147410359	0.169741697	0.161157025	0.16796875
0.179282869	0.162361624	0.173553719	0.15625
0.163346614	0.158671587	0.169421488	0.16015625
0.167330677	0.15498155	0.152892562	0.13671875
0.143426295	0.132841328	0.140495868	0.1328125
0.135458167	0.140221402	0.140495868	0.1328125
0.151394422	0.162361624	0.161157025	0.171875
0.187250996	0.254612546	0.202479339	0.2265625
0.22310757	0.20295203	0.214876033	0.20703125
0.215139442	0.221402214	0.227272727	0.20703125
0.22310757	0.206642066	0.223140496	0.21484375
0.262948207	0.243542435	0.223140496	0.203125
0.227091633	0.210332103	0.210743802	0.19140625
0.19123506	0.180811808	0.194214876	0.1796875
0.183266932	0.173431734	0.185950413	0.17578125
0.187250996	0.191881919	0.194214876	0.1953125
0.19123506	0.20295203	0.198347107	0.1953125
0.203187251	0.206642066	0.214876033	0.2109375
0.219123506	0.217712177	0.227272727	0.23046875
0.247011952	0.228782288	0.252066116	0.234375
0.243027888	0.302583026	0.256198347	0.31640625
0.330677291	0.343173432	0.330578512	0.3046875
0.302788845	0.365313653	0.314049587	0.37109375
0.374501992	0.380073801	0.363636364	0.33984375
0.35059761	0.387453875	0.363636364	0.40625
0.430278884	0.535055351	0.421487603	0.53125
0.505976096	0.560885609	0.487603306	0.546875
0.525896414	0.512915129	0.400826446	0.37890625
0.378486056	0.405904059	0.359504132	0.41796875
0.394422311	0.398523985	0.400826446	0.37890625
0.398406375	0.394833948	0.404958678	0.3828125
0.38247012	0.354243542	0.359504132	0.3515625
0.358565737	0.383763838	0.380165289	0.3984375
0.418326693	0.47601476	0.417355372	0.484375
0.494023904	0.457564576	0.462809917	0.4375
0.446215139	0.450184502	0.458677686	0.4609375
0.494023904	0.579335793	0.520661157	0.578125
0.549800797	0.531365314	0.520661157	0.48828125
0.513944223	0.479704797	0.438016529	0.4296875
0.462151394	0.468634686	0.47107438	0.48046875
0.498007968	0.520295203	0.516528926	0.54296875
0.621513944	0.586715867	0.55785124	0.5390625
0.553784861	0.57195572	0.566115702	0.578125
0.601593625	0.623616236	0.599173554	0.640625
0.6812749	0.708487085	0.702479339	0.71484375
0.709163347	0.78597786	0.723140496	0.73046875
0.709163347	0.6900369	0.723140496	0.70703125
0.729083665	0.67896679	0.661157025	0.625
0.637450199	0.708487085	0.636363636	0.64453125
0.64940239	0.623616236	0.628099174	0.62109375
0.625498008	0.601476015	0.652892562	0.62109375
0.645418327	0.642066421	0.673553719	0.6484375
0.665338645	0.697416974	0.681818182	0.7265625
0.756972112	0.752767528	0.785123967	0.75
0.629482072	0.627306273	0.595041322	0.55078125
0.573705179	0.557195572	0.549586777	0.55078125
0.581673307	0.645756458	0.595041322	0.66015625
0.677290837	0.627306273	0.661157025	0.64453125
0.673306773	0.701107011	0.70661157	0.68359375
0.697211155	0.649446494	0.67768595	0.6640625
0.6812749	0.627306273	0.615702479	0.60546875
0.601593625	0.568265683	0.599173554	0.5703125
0.553784861	0.520295203	0.549586777	0.51953125
0.545816733	0.512915129	0.541322314	0.51171875
0.501992032	0.461254613	0.487603306	0.4609375
0.490039841	0.472324723	0.483471074	0.49609375
0.509960159	0.479704797	0.495867769	0.4609375
0.545816733	0.509225092	0.491735537	0.45703125
0.458167331	0.424354244	0.44214876	0.41796875
0.418326693	0.409594096	0.429752066	0.41796875
0.426294821	0.41697417	0.44214876	0.44140625
0.434262948	0.41697417	0.454545455	0.4296875
0.438247012	0.413284133	0.446280992	0.43359375
0.454183267	0.453874539	0.475206612	0.47265625
0.482071713	0.446494465	0.491735537	0.46484375
0.482071713	0.47601476	0.508264463	0.4921875
0.505976096	0.479704797	0.520661157	0.4921875
0.498007968	0.509225092	0.520661157	0.53125
0.549800797	0.512915129	0.553719008	0.52734375
0.545816733	0.509225092	0.553719008	0.5234375
0.525896414	0.487084871	0.495867769	0.45703125
0.470119522	0.442804428	0.479338843	0.44921875
0.450199203	0.420664207	0.446280992	0.421875
0.438247012	0.41697417	0.454545455	0.43359375
0.454183267	0.490774908	0.458677686	0.50390625
0.498007968	0.461254613	0.5	0.46484375
0.482071713	0.47601476	0.508264463	0.48046875
0.517928287	0.52398524	0.533057851	0.5234375
0.553784861	0.527675277	0.549586777	0.5234375
0.545816733	0.512915129	0.55785124	0.53515625
0.557768924	0.520295203	0.578512397	0.546875
0.561752988	0.557195572	0.58677686	0.5859375
0.601593625	0.557195572	0.607438017	0.5703125
0.581673307	0.57195572	0.599173554	0.58203125
0.621513944	0.58302583	0.636363636	0.60546875
0.633466135	0.605166052	0.640495868	0.61328125
0.621513944	0.58302583	0.611570248	0.5703125
0.569721116	0.564575646	0.58677686	0.58203125
0.601593625	0.560885609	0.607438017	0.578125
0.609561753	0.63099631	0.636363636	0.66015625
0.705179283	0.656826568	0.669421488	0.63671875
0.641434263	0.623616236	0.669421488	0.6484375
0.673306773	0.623616236	0.665289256	0.6328125
0.633466135	0.612546125	0.657024793	0.640625
0.6812749	0.653136531	0.702479339	0.69140625
0.71314741	0.671586716	0.710743802	0.70703125
0.729083665	0.704797048	0.743801653	0.703125
0.71314741	0.697416974	0.743801653	0.73046875
0.780876494	0.774907749	0.818181818	0.81640625
0.828685259	0.782287823	0.834710744	0.79296875
0.812749004	0.874538745	0.847107438	0.859375
0.87250996	0.885608856	0.896694215	0.93359375
0.996015936	0.933579336	1	0.94140625
0.984063745	0.907749077	0.909090909	0.85546875
0.868525896	0.819188192	0.876033058	0.86328125
0.896414343	0.84501845	0.917355372	0.89453125
0.920318725	0.848708487	0.921487603	0.87890625
0.856573705	0.800738007	0.847107438	0.8203125
0.84063745	0.837638376	0.880165289	0.88671875
0.920318725	0.966789668	0.946280992	0.94140625
0.93625498	0.867158672	0.925619835	0.8984375
0.908366534	0.84501845	0.909090909	0.8515625
0.864541833	0.808118081	0.892561983	0.84375
0.864541833	0.79704797	0.789256198	0.74609375
0.764940239	0.756457565	0.785123967	0.7421875
0.760956175	0.719557196	0.772727273	0.72265625
0.760956175	0.715867159	0.772727273	0.75
0.768924303	0.730627306	0.768595041	0.76953125
0.796812749	0.734317343	0.797520661	0.765625
0.792828685	0.741697417	0.801652893	0.75390625
0.780876494	0.723247232	0.785123967	0.7421875
0.756972112	0.701107011	0.756198347	0.72265625
0.721115538	0.67896679	0.739669421	0.69140625
0.705179283	0.708487085	0.73553719	0.74609375
0.764940239	0.73800738	0.789256198	0.75
0.768924303	0.741697417	0.801652893	0.76953125
0.80876494	0.782287823	0.834710744	0.8203125
0.848605578	0.815498155	0.888429752	0.86328125
0.888446215	0.826568266	0.909090909	0.86328125
0.888446215	0.822878229	0.876033058	0.8359375
0.852589641	0.789667897	0.772727273	0.73046875
0.737051793	0.704797048	0.743801653	0.71875
0.737051793	0.745387454	0.756198347	0.78125
0.792828685	0.745387454	0.801652893	0.76953125
0.788844622	0.741697417	0.79338843	0.76953125
0.788844622	0.793357934	0.797520661	0.82421875
0.87250996	0.819188192	0.838842975	0.81640625
0.836653386	0.889298893	0.867768595	0.9375
0.96812749	0.907749077	0.929752066	0.89453125
0.884462151	0.830258303	0.91322314	0.859375
0.876494024	0.822878229	0.888429752	0.85546875
0.880478088	0.815498155	0.896694215	0.86328125
0.888446215	0.841328413	0.871900826	0.81640625
0.824701195	0.789667897	0.826446281	0.78125
0.824701195	0.771217712	0.830578512	0.8046875
0.812749004	0.749077491	0.772727273	0.734375
0.741035857	0.704797048	0.723140496	0.6796875
0.709163347	0.726937269	0.73553719	0.76171875
0.780876494	0.741697417	0.797520661	0.77734375
0.832669323	0.778597786	0.79338843	0.75
0.752988048	0.715867159	0.681818182	0.68359375
0.725099602	0.6900369	0.619834711	0.71875
0.733067729	0.760147601	0.743801653	0.80078125
0.788844622	0.741697417	0.789256198	0.74609375
0.768924303	0.830258303	0.756198347	0.86328125
0.828685259	0.815498155	0.809917355	0.8125
1	0.948339483	0.921487603	1
0.900398406	1	0.892561983	0.98046875
0.876494024	0.955719557	0.814049587	0.875
0.896414343	0.977859779	0.785123967	0.91796875
0.868525896	0.985239852	0.871900826	0.90234375
0.864541833	0.804428044	0.834710744	0.796875
0.788844622	0.749077491	0.760330579	0.75
0.752988048	0.763837638	0.785123967	0.796875
0.816733068	0.789667897	0.805785124	0.77734375
0.796812749	0.741697417	0.805785124	0.7734375
0.780876494	0.730627306	0.801652893	0.7578125
0.768924303	0.723247232	0.789256198	0.75
0.760956175	0.715867159	0.789256198	0.73828125
0.752988048	0.712177122	0.785123967	0.75
0.768924303	0.712177122	0.780991736	0.73046875
0.733067729	0.6900369	0.644628099	0.62109375
0.613545817	0.645756458	0.628099174	0.625
0.629482072	0.612546125	0.661157025	0.63671875
0.64940239	0.601476015	0.657024793	0.609375
0.61752988	0.601476015	0.636363636	0.625
0.625498008	0.612546125	0.640495868	0.640625
0.641434263	0.608856089	0.669421488	0.640625
0.64940239	0.605166052	0.669421488	0.62109375
0.625498008	0.597785978	0.652892562	0.6171875
0.641434263	0.597785978	0.661157025	0.62890625
0.641434263	0.623616236	0.661157025	0.66015625
0.665338645	0.616236162	0.67768595	0.640625
0.641434263	0.594095941	0.657024793	0.61328125
0.625498008	0.590405904	0.636363636	0.609375
0.625498008	0.579335793	0.644628099	0.6015625
0.609561753	0.564575646	0.615702479	0.578125
0.593625498	0.557195572	0.590909091	0.546875
0.553784861	0.52398524	0.545454545	0.5234375
0.545816733	0.509225092	0.553719008	0.515625
0.517928287	0.512915129	0.545454545	0.51171875
0.501992032	0.461254613	0.367768595	0.33984375
0.302788845	0.361623616	0.252066116	0.2578125
0.298804781	0.324723247	0.252066116	0.3203125
0.334661355	0.376383764	0.309917355	0.39453125
0.398406375	0.383763838	0.396694215	0.390625
0.38247012	0.361623616	0.376033058	0.375
0.386454183	0.479704797	0.400826446	0.49609375
0.458167331	0.634686347	0.47107438	0.671875
0.601593625	0.560885609	0.533057851	0.50390625
0.486055777	0.483394834	0.475206612	0.49609375
0.490039841	0.479704797	0.504132231	0.49609375
0.494023904	0.464944649	0.508264463	0.484375
0.490039841	0.457564576	0.504132231	0.46875
0.478087649	0.505535055	0.483471074	0.50390625
0.498007968	0.498154982	0.512396694	0.51171875
0.501992032	0.501845018	0.512396694	0.5078125
0.513944223	0.498154982	0.537190083	0.50390625
0.513944223	0.479704797	0.504132231	0.4765625
0.478087649	0.446494465	0.479338843	0.46484375
0.478087649	0.453874539	0.495867769	0.47265625
0.474103586	0.442804428	0.479338843	0.4453125
0.462151394	0.431734317	0.475206612	0.4453125
0.454183267	0.457564576	0.475206612	0.4765625
0.474103586	0.446494465	0.479338843	0.44921875
0.454183267	0.41697417	0.458677686	0.42578125
0.442231076	0.420664207	0.462809917	0.42578125
0.470119522	0.439114391	0.483471074	0.44921875
0.470119522	0.450184502	0.491735537	0.47265625
0.490039841	0.483394834	0.508264463	0.5
0.505976096	0.468634686	0.508264463	0.4765625
0.482071713	0.450184502	0.5	0.46875
0.482071713	0.464944649	0.5	0.4921875
0.509960159	0.472324723	0.52892562	0.49609375
0.509960159	0.479704797	0.52892562	0.4921875
0.501992032	0.472324723	0.524793388	0.49609375
0.509960159	0.634686347	0.52892562	0.6015625
0.545816733	0.549815498	0.561983471	0.5546875
0.553784861	0.52398524	0.566115702	0.5390625
0.561752988	0.520295203	0.574380165	0.54296875
0.553784861	0.535055351	0.570247934	0.546875
0.549800797	0.531365314	0.570247934	0.5390625
0.549800797	0.512915129	0.566115702	0.52734375
0.541832669	0.505535055	0.561983471	0.5234375
0.529880478	0.505535055	0.545454545	0.50390625
0.517928287	0.479704797	0.512396694	0.4765625
0.486055777	0.494464945	0.508264463	0.51953125
0.521912351	0.549815498	0.545454545	0.55078125
0.557768924	0.52398524	0.570247934	0.5546875
0.585657371	0.623616236	0.603305785	0.61328125
0.613545817	0.575645756	0.619834711	0.5859375
0.593625498	0.549815498	0.603305785	0.57421875
0.581673307	0.542435424	0.58677686	0.5546875
0.561752988	0.52398524	0.578512397	0.53515625
0.537848606	0.52398524	0.561983471	0.5546875
0.569721116	0.546125461	0.590909091	0.5625
0.573705179	0.546125461	0.590909091	0.56640625
0.573705179	0.538745387	0.599173554	0.56640625
0.577689243	0.535055351	0.595041322	0.55859375
0.573705179	0.527675277	0.582644628	0.5546875
0.565737052	0.52398524	0.574380165	0.55078125
0.557768924	0.531365314	0.582644628	0.55859375
0.569721116	0.538745387	0.599173554	0.56640625
0.573705179	0.535055351	0.553719008	0.52734375
0.537848606	0.516605166	0.561983471	0.54296875
0.545816733	0.501845018	0.545454545	0.515625
0.525896414	0.553505535	0.549586777	0.58203125
0.581673307	0.619926199	0.599173554	0.63671875
0.629482072	0.58302583	0.611570248	0.5703125
0.589641434	0.546125461	0.590909091	0.55859375
0.561752988	0.535055351	0.566115702	0.54296875
0.553784861	0.531365314	0.578512397	0.55859375
0.569721116	0.542435424	0.578512397	0.5390625
0.549800797	0.509225092	0.561983471	0.53125
0.537848606	0.52398524	0.561983471	0.5546875
0.565737052	0.52398524	0.574380165	0.53515625
0.553784861	0.512915129	0.566115702	0.53125
0.549800797	0.520295203	0.574380165	0.54296875
0.553784861	0.546125461	0.578512397	0.54296875
0.549800797	0.546125461	0.574380165	0.5703125
0.585657371	0.549815498	0.599173554	0.5625
0.573705179	0.546125461	0.595041322	0.5625
0.581673307	0.535055351	0.58677686	0.5546875
0.569721116	0.527675277	0.595041322	0.5546875
0.569721116	0.527675277	0.574380165	0.53125
0.545816733	0.509225092	0.570247934	0.5390625
0.549800797	0.512915129	0.570247934	0.5390625
0.549800797	0.509225092	0.570247934	0.52734375
